70DE,12,48
0C19,12,24
9E7B,12,24
FC5E,12,48
009E,12,24
BCA9,12,24
EFCC,12,24
C666,12,24
0E06,10,40
B304,10,40
41E7,24,48
26DC,24,48
3DAF,12,24
0FC3,10,40
87C8,10,40
E0D5,10,40
5B9A,10,40
0CA3,10,40
060A,10,40
B729,12,24
D4BE,24,48
8A69,12,48
1FCC,20,40
96B1,10,40
6435,12,48
B856,24,48
5B24,12,48
E89C,12,48
6FD3,12,48
AF9A,12,48
B649,12,48
142B,12,48
9100,12,48
E782,24,48
2627,24,48
5949,24,48
F411,12,24
20D1,10,40
3D19,24,48
7EEC,10,20
350E,24,48
68C1,24,48
B0C3,12,48
48F5,12,24
EBA0,12,48
6CA5,12,48
E534,12,48
BEC1,12,48
568F,12,24
EC35,12,24
BEA6,24,48
0785,20,40
3026,24,48
A9C3,20,80
EFBB,24,48
EFAF,24,48
7585,24,48
E876,12,24
85C3,12,48
2E83,12,24
36A7,12,24
8B09,24,48
7A12,24,48
CAB8,12,48
07D3,12,48
0B11,12,48
15F4,12,48
9140,12,48
182C,24,48
7C7D,24,48
C4C8,20,40
0C2C,20,40
E9A3,12,48
05EC,12,48
0860,12,48
4D43,24,96
92C0,12,48
EBAF,12,48
D879,12,48
77FB,12,48
37D5,12,24
E58D,20,40
3741,10,40
45D9,12,48
4DD0,12,48
515D,24,96
98EC,10,20
21E4,24,48
6304,24,48
168C,24,48
4D73,24,48
EDD8,24,96
DF09,12,48
BDE2,12,48
BD84,12,48
ED8B,12,24
DF43,12,48
0496,12,48
F0B1,12,48
93B3,24,48
5305,24,48
0052,10,40
F785,24,48
1C07,24,48
4F45,24,48
F488,12,24
52D3,12,48
ADF4,12,48
791E,12,48
7A39,12,48
06FE,12,24
CC86,24,96
1D2A,24,96
FE5D,12,48
605C,24,96
54F7,24,96
ECE1,24,96
65EF,24,96
3388,12,48
B575,12,48
F103,10,20
9F12,12,48
9162,12,24
8F02,24,96
9621,24,96
2010,12,24
2036,12,48
80F5,24,48
7DD4,12,48
FD82,24,48
64F0,24,48
C9D1,24,96
2D8A,12,48
BAF9,12,48
D4E6,12,24
CE14,12,48
2A6B,12,24
82D5,12,24
49A3,12,48
7868,20,40
A94A,12,48
9123,24,48
4048,24,48
46D0,24,96
17DB,24,48
4A4A,24,96
16A2,24,48
1BB2,24,48
6AD5,24,48
62FB,12,48
DE21,12,48
419C,12,24
ED55,24,48
D706,24,48
D844,24,48
010D,24,96
79BD,12,24
B2A8,20,80
A659,12,24
BD68,12,24
8FD5,24,96
975A,24,96
980A,24,48
1434,12,48
7DA3,12,48
B121,20,40
5C29,20,40
F474,24,48
D5AA,20,40
6FF6,12,48
A52F,12,48
B9FE,15,60
18CF,20,40
ED4F,20,40
1A23,24,48
8A60,24,48
5F32,24,48
A172,24,48
CD3C,10,40
5BD6,10,40
BAAE,10,40
0EAA,24,48
0E89,24,48
E1C0,24,48
646E,12,24
A3C2,24,96
14CD,24,96
2F7C,24,96
1D2F,24,96
1476,24,96
F641,24,96
7321,24,96
20F0,24,96
9268,12,48
2F51,12,48
B52C,12,48
678C,24,48
09A9,24,48
9B9B,24,48
89D9,24,48
99DA,24,96
C521,12,48
308C,24,48
715B,12,48
89DD,12,48
40EA,24,96
3FB2,24,96
9699,24,96
110D,24,96
9EF5,12,48
B9F6,12,48
2B35,20,40
CE2A,20,40
F27D,20,40
4969,12,24
8D88,24,96
FFB8,12,48
F1EC,12,48
B5B1,10,40
4CA7,12,48
009E,20,40
A149,20,40
6F42,24,48
7B8A,12,24
C757,12,24
0E0D,10,40
AD1E,10,40
5A7C,12,48
1D18,12,48
2E6E,12,24
6CCF,12,24
A8B1,12,48
6C8B,12,48
2485,12,48
0438,12,48
C3C2,12,48
8588,10,40
9640,10,40
F5A2,12,24
7D66,24,48
4747,24,48
9936,12,48
24EF,20,40
99B1,24,48
5F12,12,48
52B9,12,48
8FEF,24,48
1E82,12,48
F829,12,48
F8B4,12,48
2930,12,48
F23A,20,40
E899,20,80
02BF,12,48
34C4,12,48
5DB0,12,48
FB26,12,48
BF14,12,48
E42C,10,40
0B75,12,48
82E4,20,40
4C49,12,48
B1E1,12,48
E138,12,48
AC70,12,48
AF50,12,48
BB02,20,40
58D2,24,48
BBFA,24,96
C2D3,24,96
F21D,24,96
8515,20,80
64FC,20,80
A165,20,80
7652,24,96
8951,24,96
C23F,24,96
BA49,24,96
0E4E,24,96
9B0E,12,48
E538,12,48
6B81,12,24
FEC4,12,48
E594,12,48
72C1,20,80
017B,20,80
BE83,12,24
FA69,12,48
F70B,12,24
815C,24,96
86AF,12,48
93F6,20,80
0805,12,48
F481,12,48
0E1C,12,48
E38D,12,48
5952,12,48
EEB3,12,48
3922,24,96
BFA8,12,48
9BB6,20,40
FF0C,10,40
ACC6,12,24
09C4,10,40
3357,12,48
F531,12,48
E135,12,48
F617,12,48
E725,12,24
6E2D,12,48
57CE,12,48
BE80,12,48
A996,12,48
0A83,12,48
FBC2,24,48
4EE9,12,24
D508,20,40
81FF,12,24
1300,12,24
2BE9,24,48
BC8C,12,48
3BB3,10,20
219D,24,48
6E65,24,48
2191,24,48
C623,20,80
745E,10,40
41FB,12,48
D2DF,12,48
349D,20,80
BC15,24,96
8C73,24,96
DED6,24,96
BA68,20,80
C2AB,12,24
DB3C,12,24
8D4F,12,24
EB8B,12,24
596F,12,48
DDA3,24,48
8E1C,12,48
A6C3,12,48
A422,12,48
174A,24,48
0398,12,48
36A6,24,48
BE7D,12,48
D656,24,48
FEE9,24,48
5D86,24,96
304E,12,24
D8FE,12,24
5DF1,10,40
4EEB,12,48
4CC2,12,48
55FB,12,48
B935,12,48
09B7,12,48
8D10,12,48
593C,12,48
6618,12,48
3F8B,12,48
D71E,24,96
322F,10,20
3224,10,20
310E,12,48
55DB,12,24
CAE6,12,48
89C5,12,48
649D,12,48
F026,12,48
F20B,12,48
6427,24,96
BFB5,12,48
36B2,12,48
5DD6,24,96
A4FF,12,48
B708,20,40
8989,24,48
7221,24,48
2E97,24,48
3C65,24,48
A2C3,24,48
8409,12,24
C691,12,48
E120,24,48
C895,12,48
13C0,12,48
71E5,20,40
8A8C,24,48
52D4,24,48
62DB,24,96
C54A,24,96
AFD2,24,96
AAD1,24,96
2832,12,48
B345,12,48
36C9,12,48
3DB2,12,48
3DA6,12,48
C053,12,48
238D,12,48
C0C8,24,96
60A3,24,96
1228,24,96
627E,24,96
EF5D,24,96
E54F,24,96
90CA,12,24
A572,12,24
8365,12,24
BAE2,12,24
818D,12,24
BC7A,12,24
82AF,12,48
9549,12,48
4BAB,12,48
6DC9,12,48
C7D9,12,48
BA01,12,48
C418,12,48
AFBA,12,48
022E,12,48
AD2E,10,20
095C,24,48
FAE8,12,24
D316,12,48
3479,12,48
E378,10,20
2F3F,10,20
70E2,20,80
4783,10,40
9898,24,48
9667,12,48
852B,12,48
D9E9,12,48
6781,12,48
B8D2,10,20
BC4B,12,48
CE61,12,48
2503,12,48
F1B5,12,24
8BC5,20,40
0986,12,24
CD37,12,24
CC39,12,24
CC73,12,24
B894,12,24
C39B,24,48
6A79,24,48
5258,24,48
565D,12,48
186E,12,48
0270,12,48
E2C0,10,40
EE72,20,40
420F,12,48
BCEA,12,48
BD3E,24,48
BD32,24,48
872C,12,48
D8BA,12,24
F568,12,24
B002,12,48
4252,12,24
C2B9,20,40
30D2,12,24
BB8E,10,40
74EE,10,40
2DF9,12,24
767A,20,80
6CB1,12,24
6D44,12,24
4BD7,12,48
6569,12,48
8560,12,48
E4B1,10,40
F230,12,48
CDF4,12,48
3AC2,12,24
050B,24,48
895D,20,80
73C7,12,48
DC72,24,48
BD73,12,24
146D,12,48
D5C2,24,48
6589,12,24
A070,12,24
AF99,12,24
5D75,24,48
92CA,24,48
BA1B,12,48
1CD6,10,40
AE15,24,48
CBAD,24,48
8049,12,24
38DC,06,24
F4E3,24,48
D9D5,24,48
1971,24,48
87EC,24,48
33C2,24,48
1C37,20,40
51D5,12,24
2E40,10,40
B68D,12,48
4FCD,12,48
4E93,12,48
BF4F,12,48
AD74,12,48
EF7D,20,80
53D8,24,96
D39E,12,48
3C47,20,80
B9D5,12,48
2A17,24,96
916A,12,48
EEFA,12,48
186A,12,24
637D,12,48
5082,12,24
BDB6,06,24
6F7A,06,24
E3BB,12,24
201E,12,48
7898,10,40
6EC6,10,40
520E,10,40
6275,12,48
2CE9,12,24
CC99,24,96
0555,12,24
44C5,12,24
F58D,10,40
6D22,12,48
772A,12,24
A77B,24,96
554F,07,28
AAFB,10,40
FD64,12,48
526E,12,48
A401,20,80
3415,20,40
4C68,20,80
980B,20,40
AAAF,20,40
119A,20,40
C880,24,48
47AA,10,40
8BD6,12,48
3CE4,12,24
3CE3,12,24
BEC2,10,20
AA49,12,24
C92A,12,24
5971,12,48
89FE,12,24
922D,12,24
0611,12,24
8682,12,48
0576,12,48
587F,10,20
9ABF,20,80
59B1,24,48
C89A,12,24
B9E4,12,24
C25C,12,24
3B4F,12,48
0852,12,24
4088,12,24
5B68,12,24
6E05,12,24
9558,12,24
311E,12,48
C380,12,48
CF5D,10,40
9075,12,48
AFE8,10,40
99CC,10,40
CD1A,10,40
B204,10,40
3C40,10,40
ED91,12,48
20C0,12,48
4E2F,10,40
83A0,10,40
DF38,12,24
C8AA,12,24
BFFA,12,48
60D8,20,80
E9E0,20,80
7BFB,24,96
F8DF,24,96
7807,12,48
4840,12,48
2B63,12,48
904A,12,24
A722,20,40
2B33,12,48
FACD,12,48
8356,24,48
1875,12,48
DF40,12,24
6A1A,12,48
80E0,12,48
9012,12,48
80DF,12,48
8FE5,12,48
1813,10,40
67B7,24,96
0098,12,48
602A,12,48
0D9E,12,24
0BAF,24,48
D922,12,48
51F5,12,24
D9A4,24,96
4C4F,24,96
BF14,24,96
3B1F,12,24
57DF,12,24
E2CF,24,48
7C57,48,96
1157,12,48
CE50,12,48
C08C,12,48
891C,12,48
F047,12,48
CB0C,10,40
D128,10,40
17B4,24,48
0721,24,48
F4DC,12,48
B704,40,80
B704,40,80
F15D,12,24
10D0,10,40
162D,12,24
1621,12,24
EAB4,12,48
5B61,12,24
9C7F,24,48
9C73,24,48
1254,12,48
4ACD,12,48
B1FA,12,48
C657,24,96
57DC,24,96
6203,12,48
0C23,12,48
8948,12,48
0591,12,48
FA5E,12,48
511C,12,48
2E49,24,96
E80F,24,96
8E09,20,80
1542,10,40
DF1C,12,48
76F9,12,48
897C,24,48
87DD,24,48
6F7A,24,48
06CF,24,48
4413,24,48
211F,24,96
1960,24,48
6815,12,24
685F,12,24
396F,12,24
E2F4,24,96
F71E,24,96
8960,24,48
359E,24,48
A2B9,24,48
99CF,24,48
2046,24,48
59C6,12,48
F9CD,12,24
C0A1,12,48
E7EB,12,24
D060,12,48
CA9F,24,96
7A1C,24,96
EDA3,24,48
71F5,12,48
5474,12,48
B17D,24,48
78F5,24,48
4759,12,24
A9C3,20,40
ED09,16,64
